el1 = [[129, 477], [104, 419], [99, 401], [97, 395], [102, 390], [105, 386], [108, 382], [113, 379], [117, 378], [114, 382], [111, 389], [111, 397], [111, 405], [114, 395], [116, 389], 
       [120, 385], [125, 381], [123, 386], [121, 392], [119, 399], [119, 406], [121, 399], [125, 390], [129, 390], [132, 395], [133, 407], [135, 400], [137, 396], [141, 396], [146, 398], 
       [149, 402], [151, 403], [153, 405], [176, 407], [178, 412], [179, 423], [180, 430], [181, 438], [176, 433], [171, 426], [164, 421], [162, 426], [157, 427], [157, 436], [158, 444], 
       [154, 455], [152, 465], [154, 470], [154, 477]]
el2 = [[111, 351], [108, 354], [104, 357], [99, 363], [97, 369], [94, 374], [101, 369], [108, 367], [107, 372], [101, 377], [96, 383], [95, 390], [101, 381], [110, 374], [113, 374], [104, 383],
       [98, 396], [101, 390], [104, 386], [108, 382], [112, 379], [117, 378], [114, 382], [111, 389], [111, 397], [111, 405], [114, 395], [116, 389], [120, 385], [124, 381], [123, 385], [122, 388],
       [121, 392], [119, 399], [119, 406], [121, 399], [125, 390], [130, 384], [133, 383], [133, 387], [132, 395], [133, 407], [135, 400], [137, 396], [138, 392], [141, 387], [146, 391], [149, 402], 
       [152, 388], [154, 384], [157, 390], [159, 395], [159, 385], [161, 382], [166, 377], [169, 374], [158, 379], [146, 381], [133, 379], [124, 376], [119, 372], [114, 367], [113, 361], [113, 355]]
el3 = [[98, 396], [104, 383], [113, 375], [110, 374], [101, 381], [95, 390]]
el4 = [[96, 383], [101, 378], [107, 371], [108, 368], [101, 369], [94, 375]]
el5 = [[108, 354], [104, 357], [99, 363], [97, 369], [94, 374], [93, 359], [109, 351]]
el6 = [[97, 352], [103, 347], [98, 346], [93, 344], [93, 351]]
el7 = [[84, 328], [94, 329], [109, 336], [115, 337], [123, 345], [133, 347], [136, 350], [141, 351], [145, 355], [149, 356], [154, 360], [162, 360], [162, 363], [154, 365], [147, 363], [141, 361],
       [129, 354], [116, 354], [116, 349], [106, 344], [97, 337], [98, 342], [90, 338]]
el8 = [[157, 365], [154, 365], [147, 363], [141, 361], [130, 354], [135, 359], [141, 364], [149, 368], [155, 368]]
el9 = [[135, 359], [141, 364], [149, 368], [155, 368], [145, 373], [134, 372], [124, 367], [119, 360], [119, 355], [122, 354], [129, 354]]
el10 = [[192, 400], [194, 387], [190, 375], [183, 365], [172, 359], [162, 357], [150, 354], [143, 349], [132, 345], [125, 342], [119, 335], [113, 335], [112, 332], [114, 329], [94, 329], [109, 336], 
     [115, 337], [123, 345], [133, 347], [136, 350], [141, 351], [145, 355], [149, 356], [154, 360], [162, 360], [162, 363], [157, 365], [155, 369], [145, 373], [134, 372], [124, 367], [119, 360], [119, 355],
      [116, 354], [112, 352], [113, 355], [113, 361], [114, 367], [119, 372], [124, 376], [133, 379], [146, 381], [158, 379], [169, 374], [166, 377], [161, 382], [165, 386], [169, 391], [179, 392], 
      [187, 395]]
el11 = [[125, 390], [130, 384], [133, 383], [133, 387], [132, 395], [129, 390]]
el12 = [[137, 396], [138, 392], [141, 387], [146, 391], [149, 402], [141, 396]]
el13 = [[152, 388], [154, 384], [157, 390], [159, 395], [159, 385], [161, 382], [165, 386], [169, 391], [179, 392], [187, 395], [192, 400], [192, 411], [191, 422], [193, 436], [199, 439], [200, 452],
        [182, 456], [183, 478], [154, 477], [154, 470], [152, 465], [154, 455], [158, 444], [157, 436], [157, 427], [162, 426], [164, 421], [171, 426], [176, 433], [181, 438], [180, 430], [179, 423], [178, 412], [176, 407], [153, 405], [151, 403], [149, 402]]
el14 = [[183, 365], [172, 359], [162, 357], [150, 354], [143, 349], [132, 345], [125, 342], [119, 335], [113, 335], [112, 332], [114, 329], [120, 329], [130, 340], [159, 354], [171, 354], [182, 357], [192, 365], [188, 371]]
el15 = [[164, 477], [164, 456], [167, 447], [174, 442], [182, 447], [182, 455], [177, 465], [174, 477]]
elements = [el1, el2, el3, el4, el5, el6, el7, el8, el9, el10, el11, el12, el13, el14, el15]
colors = ["#e7b2a3", "#4c270a", "#d5bcaa", "#d7b7aa", "#d1b4aa", "#9b8576", "#5e4228", "#557069", "#c2c3c0", "#9c624c", "#d48671", "#d48671", "#d48671", "#d48671", "#b25b39"]
def setup():
    size(533, 804)
    background(0)
    noStroke()
    
def draw():
    for i in range(len(elements)):
        n = elements[i]
        fill(colors[i])
        beginShape()
        for j in range(len(n)):
            vertex(n[j][0], n[j][1])
        endShape()
